Z3.A162A 	47.30550	  4.57935	 567.0
OE.MYKA  	46.62990	 13.64160	 909.0
FR.FOURG 	47.10427	  5.81050	 271.0
FR.PRIMA 	43.64420	  7.21100	 -17.0
XT.AAE24 	48.53099	 13.27413	 434.0
FR.NEEW  	48.95613	  8.10462	 168.0
IV.CRE   	43.61888	 11.95167	1215.0
TH.MORAS 	50.53608	 11.22470	 618.0
Z3.A140A 	47.55230	 11.43610	 790.0
NI.PURA  	46.42580	 12.74190	1417.0
Z3.A358A 	48.86968	 13.19439	 813.0
CH.SALAN 	46.14415	  6.97302	1881.3
YI.SG08  	45.65030	  6.57870	1574.0
Z3.A319A 	43.47642	 10.57869	 343.0
MT.MOL   	45.22950	  5.76520	 715.0
Z3.A173A 	46.32960	  6.68080	1030.0
IV.VARE  	45.86769	  8.77000	1219.0
CZ.GOPC  	49.91400	 14.78700	 545.0
ZS.D065  	46.43961	 11.01806	 936.0
CH.OTER1 	47.57768	  7.60371	 252.0
ZS.D066  	46.45639	 11.11825	 931.0
ZS.D011A 	46.36307	 12.46969	1023.0
ZS.D067  	46.51318	 11.50592	 837.0
FR.MANO  	48.82775	  5.92254	 273.0
GR.TNS   	50.22360	  8.44890	 815.0
Z3.A369A 	49.11600	 11.02160	 486.0
CH.LIENZ 	47.29460	  9.49270	1720.0
Z3.A304A 	45.01674	 12.03350	   1.0
IV.PESA  	43.94105	 12.84018	 221.0
OE.CSNA  	47.92820	 15.85880	1039.0
CH.BERNI 	46.41364	 10.02309	2311.0
Z3.A012A 	47.60399	 15.58600	1280.0
Z3.A333A 	48.71557	 17.10410	 177.0
SL.PDKS  	46.06120	 14.99770	 679.0
ZS.D103  	46.61171	 10.63077	 968.0
IV.PARC  	43.64860	 12.23860	 580.0
IV.SARZ  	44.86731	  8.91360	 266.0
IV.PIEI  	43.53567	 12.53500	 665.0
ZS.D136  	47.22757	 13.05859	1806.0
ZS.D137  	47.27800	 13.31059	1216.0
SL.KOGS  	46.44810	 16.25040	 245.0
Z3.A123A 	48.61153	  7.89096	 136.0
FR.SALSA 	43.88100	  6.68880	1186.0
Z3.A083A 	49.69590	 15.60770	 573.0
ZS.D107  	46.77766	 11.40778	1457.0
OE.FETA  	47.02110	 10.72910	1632.0
ZS.D051  	46.57761	 12.37782	 959.0
ZS.D106  	46.70755	 11.20252	 778.0
Z3.A334A 	48.60439	 17.67473	 224.0
BW.MANZ  	49.98620	 12.10830	 635.0
OE.CONA  	47.92820	 15.86180	1046.0
YW.EPIR  	45.45440	  6.29608	 381.0
SX.SCHF  	50.67720	 12.40310	 435.0
IV.MURB  	43.26300	 12.52460	 845.0
Z3.A006A 	48.74038	 16.02030	 230.0
ZS.D139  	47.35355	 13.66279	 960.0
CH.ROMAN 	47.56432	  9.33595	 442.0
Z3.A164A 	47.10420	  5.81040	 272.0
CZ.HSKC  	50.60720	 13.43170	 590.0
Z3.A116B 	49.39821	  9.48393	 379.0
Z3.A116A 	49.39802	  9.48334	 323.0
Z3.A026A 	46.93318	 14.55155	 800.0
IV.FDMO  	43.03650	 13.08730	 550.0
GU.CARD  	44.02600	 10.48210	 380.0
Z3.A030A 	47.82770	 13.56120	 640.0
Z3.A210A 	48.82770	  5.92254	 622.0
SI.KOSI  	46.46300	 11.37780	1604.0
FR.CHMF  	47.24840	  6.65170	 868.0
Z3.A429A 	41.94470	  7.51880	-2766.0
CH.EMMET 	47.43757	  8.01358	 740.0
Z3.A211A 	48.40710	  6.61952	 279.0
FR.HOHE  	48.65874	  7.48430	 274.0
TH.THWA  	50.76265	 10.67713	 692.0
Z3.A267A 	46.94631	 18.48203	 116.0
OX.MPRI  	46.24080	 12.98770	 762.0
Z3.A031A 	48.42719	 13.49746	 366.0
Z3.A264A 	46.15967	 17.28968	 143.0
Z3.A434A 	43.85032	  9.22987	-1133.0
CH.SAIRA 	47.30267	  7.08645	 966.0
FR.OG35  	46.04479	  5.57181	 900.0
Z3.A024B 	48.10020	 14.13985	 381.0
XT.AAE01 	50.60745	 13.43198	 590.0
ZS.D002  	45.92007	 10.45294	1569.0
XT.AAE03 	50.43062	 13.43003	 305.0
Z3.A419A 	43.29130	  8.60200	-2585.0
Z3.A193A 	44.37120	  5.14762	 390.0
Z3.A280A 	44.53910	  7.90890	 288.0
XT.AAE07 	50.07329	 13.42194	 455.0
ZS.D003  	45.95713	 10.62176	1223.0
XT.AAE09 	49.88897	 13.41352	 493.0
SL.JAVS  	45.89340	 14.06430	1100.0
FR.CORF  	42.29800	  9.15300	 475.0
Z3.A183A 	45.01070	  3.66300	1107.0
FR.CLAF  	43.13500	  3.09000	 115.0
CH.GIMEL 	46.53364	  6.26545	1094.0
FR.TRIGF 	43.74710	  6.40740	1010.0
BW.FFB3  	48.16488	 11.27629	 562.0
Z3.A001A 	48.72869	 16.59044	 337.0
Z3.A178A 	45.81070	  6.20040	 660.0
YI.SG20  	45.64270	  6.57670	1612.0
Z3.A101B 	48.11824	  8.55024	 790.0
FR.SURF  	44.48094	  6.81170	1820.0
Z3.A101A 	48.11823	  8.55019	 741.0
Z3.A154A 	48.44170	  5.51523	 352.0
YW.LONG  	45.41790	  6.36415	1598.0
OX.CLUD  	46.45690	 12.88140	 635.0
FR.EILF  	43.54790	  7.13120	  30.0
FR.ASEAF 	42.79480	  6.16350	-2470.0
MN.BNI   	45.05200	  6.67800	1395.0
ZS.D055  	46.74360	 13.08547	 640.0
Z3.A194A 	44.39330	  6.50230	1255.0
Z3.A356A 	49.03710	 12.21380	 398.0
ZS.D005  	46.08918	 11.16478	 646.0
IV.MTRZ  	44.31280	 11.42480	 570.0
Z3.A165A 	46.91020	  3.49840	 271.0
IV.MGAB  	42.91263	 12.11214	 547.0
IV.NARO  	43.61082	 12.58058	 272.0
ZS.D050  	46.52718	 12.17483	2234.0
ZS.D053  	46.69028	 12.76424	1327.0
ZS.D052  	46.60455	 12.52505	1129.0
GR.MILB  	49.82840	  9.29230	 369.0
ZS.D035  	46.63947	 13.27184	1028.0
ZS.D057  	46.81280	 13.48034	 632.0
ZS.D056  	46.77933	 13.33391	1051.0
ZS.D110  	46.86251	 11.94663	 847.0
NI.SABO  	45.98750	 13.63360	 621.0
ZS.D112  	46.91819	 12.31104	1714.0
ZS.D111  	46.87138	 12.11558	1323.0
ZS.D114  	47.02168	 12.68944	1875.0
SX.ROHR  	50.23400	 12.31700	 629.0
IV.OPPE  	45.30820	 11.17240	  20.0
CH.DAVOX 	46.78050	  9.87952	1830.0
GR.GRB1  	49.39135	 11.65195	 494.0
GR.GRB3  	49.34354	 11.80598	 517.0
GR.GRB2  	49.27092	 11.66997	 552.0
GR.GRB5  	49.11213	 11.67673	 525.0
GR.GRB4  	49.46894	 11.56085	 507.0
Z3.A415A 	42.41190	  6.41093	-2595.0
Z3.A011A 	47.39076	 16.00769	 507.0
IV.LATE  	42.61370	 11.80400	 610.0
OE.WATA  	47.33570	 11.57630	1492.0
Z3.A151A 	48.88200	  6.37985	 214.0
FR.RONF  	47.71069	  6.64720	 415.0
CH.BOURR 	47.39364	  7.23010	 846.8
CH.ZUR   	47.36921	  8.58088	 510.0
IV.RMP   	41.81112	 12.70222	 380.0
HU.BUD   	47.48310	 19.02010	 196.0
OE.ABTA  	46.74740	 12.51230	1041.0
CH.ILLEZ 	46.21934	  6.94038	1395.0
Z3.A309A 	44.17035	 12.24451	  32.0
NI.VINO  	46.25383	 13.27550	 608.0
Z3.A339A 	47.82940	 17.65588	 110.0
Z3.A126A 	48.98935	  8.49214	 182.0
ZS.D122A 	46.58789	 10.16830	1840.0
FR.FLAF  	43.38270	  6.25480	  62.0
IV.T1256 	43.00631	 13.22604	1536.0
Z3.A084A 	48.94340	 15.70070	 403.0
TH.VITZ  	50.88760	 10.09165	 392.0
CH.JAUN  	46.63395	  7.29096	1658.0
SL.PERS  	46.63650	 15.11390	 795.0
OX.PRED  	46.44280	 13.56500	 902.0
GU.PZZ   	44.50680	  7.11600	1430.0
IV.OFFI  	42.93500	 13.68570	 320.0
Z3.A060B 	46.99300	  7.97764	1049.1
GU.RSP   	45.14817	  7.26533	1285.0
Z3.A076A 	49.61680	 14.14940	 532.0
Z3.A206A 	43.21970	  6.60100	 363.0
OE.KBA   	47.07840	 13.34470	1721.0
FR.RUSF  	43.93630	  5.46560	 491.2
FR.SMPL  	42.09450	  9.28470	 405.0
RD.SAVF  	48.61520	  5.12410	 264.0
OX.BAD   	46.23400	 13.24380	 590.0
GU.MAIM  	43.91417	 10.49150	 200.0
IV.MAON  	42.42828	 11.13090	 237.0
Z3.A016A 	48.30137	 14.64961	 565.0
IV.VVLD  	41.86965	 13.62324	1051.0
ZS.D016A 	46.60767	 13.58450	 804.0
FR.SAUF  	43.93770	  5.10640	 230.0
IV.MRGE  	45.76975	  7.06101	1660.0
Z3.A180A 	45.31130	  4.04270	 845.0
Z3.A351A 	50.00300	 10.79220	 284.0
ZS.D115  	47.06839	 12.87659	1900.0
MN.TRI   	45.70900	 13.76400	 161.0
Z3.A028A 	47.10295	 13.99576	1105.0
OX.CIMO  	46.31160	 12.44480	 710.0
OE.SOKA  	46.67800	 15.03270	1008.5
NI.CGRP  	45.88060	 11.80470	1757.0
TH.MOB2  	50.69544	 12.31685	 364.0
Z3.A104A 	48.06278	  9.71035	 575.0
OX.MARN  	45.63780	 11.20990	 785.0
HU.CSKK  	47.36310	 18.26060	 320.0
Z3.A104B 	48.07570	  9.70320	 588.0
Z3.A423A 	42.17840	  6.96405	-2706.0
SI.MOSI  	46.61640	 10.54950	1957.0
Z3.A285A 	44.89390	  9.90980	 152.0
NI.PALA  	46.24500	 12.92400	1280.0
FR.OG02  	46.15423	  6.22021	 606.0
ZS.D116  	47.12934	 13.07921	1204.0
Z3.A168A 	46.56040	  3.93290	 125.0
CH.VANNI 	46.21006	  7.59678	1520.0
Z3.A034A 	46.90914	 13.07875	1050.0
ST.DOSS  	45.88080	 11.18840	1660.0
Z3.A002A 	48.31753	 16.61523	 162.0
Z3.A002B 	48.36288	 16.59421	 187.0
IV.SSFR  	43.43628	 12.78225	 750.0
Z3.A112A 	49.64997	  7.90845	 481.0
IV.CAVE  	44.86580	 11.00310	  18.0
Z3.A199A 	43.74380	  3.68830	 341.0
Z3.A363A 	48.52300	 10.93330	 635.0
Z3.A103C 	47.79008	  9.51353	 598.0
XT.AAE23 	48.64182	 13.42774	 490.0
CH.SENIN 	46.36335	  7.29938	2019.6
CH.MMK   	46.05070	  7.96409	2200.0
Z3.A260A 	47.28342	 16.70556	 243.0
FR.PIAF  	44.11644	  7.61747	 937.0
Z3.A430A 	42.17790	  7.98092	-2752.0
GU.REMY  	45.83780	  7.15650	2448.0
Z3.A202A 	43.50250	  3.26020	 212.0
BW.MGS04 	47.97970	 11.71880	 615.0
Z3.A129A 	49.34262	  7.74195	 364.0
OE.MOA   	47.84950	 14.26590	 572.0
GU.CANO  	44.20750	  8.23720	 638.0
IV.SACS  	42.84906	 11.90967	 845.0
OE.MOTA  	47.34480	 11.10370	1575.0
GR.BFO   	48.33007	  8.32956	 589.0
XT.AAE25 	48.46699	 13.40763	 392.0
SL.VISS  	45.80330	 14.83930	 399.0
IV.APEC  	43.55846	 12.41991	 488.0
Z3.A286A 	45.36600	  8.83380	 170.0
YW.ARGT  	45.49400	  6.31336	 414.0
Z3.A146A 	48.29280	 12.97500	 464.0
ZS.D015  	46.57623	 13.39008	1449.0
ZS.D014  	46.54446	 13.20541	1175.0
ZS.D017  	46.63004	 13.75298	 808.0
ZS.D016  	46.60730	 13.58423	 769.0
ZS.D011  	46.36269	 12.47015	1025.0
Z3.A352A 	49.82140	 11.69030	 452.0
ZS.D013  	46.48088	 13.02387	 548.0
ZS.D012  	46.40031	 12.62498	 886.0
SI.ROSI  	46.92810	 11.41180	1917.0
ZS.D018  	46.68937	 13.96058	 647.0
Z3.A050A 	44.48180	 16.53130	 934.0
Z3.A186B 	44.79300	  5.58920	 978.0
CZ.JAVC  	48.85910	 17.67070	 828.0
XT.AAE29 	48.09001	 13.44779	 611.0
Z3.A104C 	48.12663	  9.65659	 698.0
Z3.A273A 	45.91630	 17.81610	 100.0
Z3.A313A 	45.31347	 10.66282	  64.0
Z3.A364A 	48.50214	 11.45389	 477.0
NI.CLUD  	46.45690	 12.88140	 635.0
ZS.D157  	47.39537	 13.83669	1301.0
XT.AAE38 	47.27310	 13.25261	1451.0
XT.AAE39 	47.18602	 13.41937	1542.0
Z3.A015A 	48.93337	 14.99364	 500.0
XT.AAE30 	48.00173	 13.26458	 617.0
XT.AAE31 	47.91304	 13.43606	 667.0
ZS.D058  	46.83814	 13.67112	1262.0
XT.AAE33 	47.72784	 13.43070	 551.0
XT.AAE34 	47.63600	 13.26140	1479.0
GU.STV   	44.24550	  7.32600	 930.0
XT.AAE36 	47.45406	 13.24859	 962.0
XT.AAE37 	47.36774	 13.43730	1019.0
FR.ARBF  	43.49170	  5.33250	 185.0
SL.CADS  	46.22810	 13.73680	 751.0
GU.GSCL  	44.35047	 10.58810	 674.0
FR.CFF   	45.76300	  3.11100	 400.0
G.SSB    	45.27900	  4.54200	 700.0
BW.BE1   	47.91083	 11.22128	 746.0
IV.LMD   	44.07746	 11.70727	 450.0
NI.ACOM  	46.54800	 13.51370	1788.0
GU.RORO  	44.11217	  8.06617	 260.0
ZS.D104  	46.62468	 10.83008	 711.0
Z3.A122A 	48.27849	  7.86785	 326.0
Z3.A061A 	47.09835	  8.92522	 914.0
IV.MSSA  	44.31625	  9.51739	 930.0
Z3.A113A 	49.54596	  8.72964	 359.0
IV.ATMI  	43.33419	 12.26801	 581.0
IV.TEOL  	45.36167	 11.67389	 370.0
NI.AGOR  	46.23290	 12.04720	 631.0
ZS.D161  	47.36778	 14.47257	1218.0
ZS.D160  	47.10195	 14.19271	 994.0
Z3.A335A 	48.44695	 18.33592	 320.0
ZS.D162  	47.54137	 13.93084	 847.0
FR.BOUC  	47.24694	  6.25606	 458.0
XT.AAE48 	46.37960	 13.26980	 426.0
YW.DURI  	45.42100	  6.29108	 643.0
XT.AAE45 	46.63394	 13.41474	 677.0
XT.AAE44 	46.73320	 13.24913	1136.0
OE.BIOA  	47.69130	 13.63830	 614.0
Z3.A080A 	49.68400	 14.92880	 502.0
XT.AAE41 	47.00957	 13.43520	 943.0
XT.AAE40 	47.10448	 13.21346	1369.0
XT.AAE43 	46.84051	 13.43784	 797.0
IV.T1245 	42.85654	 13.18798	1541.0
Z3.A033A 	47.47974	 13.12600	 827.0
FR.ILLK  	48.51599	  7.71682	 144.0
Z3.A072A 	49.46830	 13.17350	 495.0
FR.ILLF  	47.68344	  7.25430	 298.0
FR.SPIF  	44.05580	  7.23660	1380.0
ZS.D044  	46.31763	 11.09209	 789.0
IV.ARCI  	42.85190	 11.47540	1080.0
Z3.A107B 	48.03123	 10.23289	 648.0
OX.ZOU2  	46.55840	 12.97290	1911.0
CH.METMA 	47.71217	  8.25262	 671.0
OE.SQTA  	47.22050	 11.20870	1307.0
IV.MILN  	45.48030	  9.23210	 125.0
Z3.A023A 	48.46082	 14.07072	 587.0
ZS.D001  	45.89906	 10.22494	 259.0
CR.BRJN  	44.90593	 13.75053	   1.0
Z3.A118A 	49.35419	  9.96992	 453.0
Z3.A107C 	48.01939	 10.19977	 667.0
BW.RNON  	47.74050	 12.86710	 555.0
Z3.A251A 	45.12860	 16.26640	 252.0
TH.ZEU   	50.67064	 11.97713	 346.0
ZS.D037  	46.74495	 13.63719	 745.0
OX.CGRP  	45.88060	 11.80470	1757.0
GR.GED5  	48.82379	 13.67969	1079.0
CH.MUGIO 	45.92186	  9.04167	 830.0
NI.FERB  	44.90000	 11.54000	   6.0
ZS.D134  	47.09085	 12.53908	1658.0
FR.TURF  	43.97490	  7.39190	1650.0
Z3.A074A 	49.67150	 13.53090	 385.0
FR.NEUF  	49.32586	  6.02549	 260.0
Z3.A281A 	44.85340	  7.70990	 292.0
Z3.A141A 	47.75280	 11.84900	 839.0
Z3.A368A 	49.12590	 10.54670	 529.0
Z3.A179A 	45.47230	  2.97220	1084.0
Z3.A182A 	44.96950	  2.80690	 880.0
TH.PLN   	50.48522	 12.15733	 432.0
Z3.A405A 	42.41157	  5.30365	-2192.0
Z3.A100A 	48.45300	  8.92609	 508.0
FR.BSTF  	43.80090	  5.64330	 500.0
MN.VLC   	44.15940	 10.38640	 555.0
GR.TMO22 	49.21920	  8.18480	 134.0
FR.VDH4  	48.65255	  7.78374	 134.0
IV.GIGS  	42.45317	 13.57283	 960.0
SL.GBAS  	45.93480	 14.44340	 524.7
ZS.D076  	46.91857	 13.31320	1519.0
Z3.A351B 	50.00187	 10.76129	 405.0
Z3.A357A 	48.69980	 11.99920	 426.0
Z3.A174A 	45.99260	  4.46190	 625.0
Z3.A147A 	48.53790	 12.94550	 389.0
Z3.A148A 	48.47800	 12.46050	 492.0
Z3.A214A 	46.36200	  5.80030	 476.0
FR.OGS1  	45.06079	  5.80467	 723.0
Z3.A148B 	48.50943	 12.47666	 528.0
Z3.A147B 	48.53005	 12.97764	 468.0
Z3.A418A 	42.99992	  8.07090	-2632.0
FR.OGSI  	46.05670	  6.75611	 750.0
GU.BURY  	43.78250	  7.55690	  20.0
Z3.A359A 	48.83310	 12.64210	 333.0
IV.ARVD  	43.49807	 12.94153	 461.0
Z3.A404A 	42.17825	  5.01927	-2013.0
FR.VERF  	45.74900	  2.48300	 779.0
Z3.A176A 	45.71780	  4.06660	 410.0
IV.ATFO  	43.36660	 12.57150	 960.0
Z3.A125A 	48.97445	  8.68379	 339.0
Z3.A170A 	46.37810	  3.44740	 140.0
IV.FSSB  	43.69309	 12.77707	 523.0
OE.RONA  	47.69970	 16.29630	 699.1
OX.CAE   	46.00900	 12.43790	 870.0
Z3.A109A 	48.44379	  9.45858	 665.0
IV.STAL  	46.26010	 12.71040	 625.0
FR.ARTF  	43.58820	  5.80670	 510.0
TH.MLFH  	50.78982	 12.08091	 231.7
GR.GED1  	48.85160	 13.71380	1024.0
SL.CRNS  	46.08070	 14.26130	 712.0
Z3.A288A 	46.00820	  8.48180	1306.0
Z3.A217A 	44.37010	  6.07330	1087.0
Z3.A317A 	43.05000	  9.84244	  35.0
Z3.A412A 	41.64758	  4.74483	-2519.0
Z3.A307A 	44.66076	 11.43631	   9.0
SL.DOBS  	46.14950	 15.46950	 465.0
Z3.A020A 	46.94844	 15.29940	 390.0
Z3.A020B 	46.94884	 15.29875	 390.0
CH.BNALP 	46.87034	  8.42490	1549.0
SL.GCIS  	45.86720	 15.62750	 385.0
IV.ATTE  	43.19790	 12.35360	 929.0
IV.GIUL  	41.55827	 13.25458	 566.0
HU.KOVH  	46.08830	 18.09990	 270.0
Z3.A075A 	50.03770	 13.87370	 285.0
Z3.A019A 	47.44567	 15.08561	1125.0
IV.CELB  	42.74658	 10.21065	 742.0
IV.FIAM  	42.26802	 13.11718	1070.0
GR.UBBA  	50.81877	 10.00098	-526.4
ZS.D125  	46.74145	 10.82556	1947.0
ZS.D124  	46.72602	 10.68534	1821.0
ZS.D127  	46.81991	 11.25871	1004.0
ZS.D126  	46.80279	 11.10365	1674.0
1N.AIGE  	44.78833	  6.87944	1614.0
ZS.D120  	47.24179	 13.80390	1284.0
ZS.D123  	46.69025	 10.51268	1300.0
ZS.D122  	46.58795	 10.16919	1830.0
1N.AIGH  	44.79198	  6.87551	1924.0
CH.EMBD  	46.21652	  7.83223	1180.0
ZS.D129  	46.97634	 11.63783	1498.0
ZS.D128  	46.87742	 11.42144	1248.0
1N.AIGO  	44.78733	  6.87717	1622.0
FR.BETS  	48.89357	  7.92429	 146.0
GU.FINB  	44.17750	  8.32530	  85.0
ZS.D048  	46.47831	 11.76684	1464.0
ZS.D049  	46.50357	 11.98686	1737.0
ZS.D046  	46.39337	 11.40562	1462.0
ZS.D047  	46.44738	 11.64038	1967.0
Z3.A029A 	47.43007	 13.76105	 992.0
ZS.D045  	46.34668	 11.26656	 224.0
SI.BOSI  	46.49520	 11.31850	 242.0
ZS.D043  	46.29673	 10.86170	1456.0
ZS.D040  	46.15113	 10.35201	 666.0
MN.TUE   	46.47223	  9.34732	1924.0
Z3.A117A 	49.04409	  9.56839	 494.0
Z3.A402A 	42.87933	  5.30050	-1632.0
Z3.A007A 	48.71625	 15.52879	 484.0
GR.FUR   	48.16390	 11.27680	 565.0
TH.BBWF  	50.73536	 10.50421	 400.0
FR.ISO   	44.18400	  7.05000	 910.0
Z3.A107A 	48.03109	 10.22715	 684.0
IV.NRCA  	42.83355	 13.11427	 927.0
IV.PII   	43.72193	 10.52495	  66.0
IV.FVI   	46.59658	 12.78040	1024.0
GR.GRC3  	48.89017	 11.58582	 438.0
GR.GRC1  	48.99617	 11.52135	 512.0
SL.ZALS  	46.43420	 15.02460	 741.0
Z3.A027A 	46.81590	 14.00737	1217.0
Z3.A167A 	46.74690	  5.31951	 203.0
Z3.A037A 	47.07035	 10.26432	2020.0
CH.DIX   	46.08105	  7.40839	2370.2
CH.MTI02 	47.37927	  7.16525	 508.0
CH.SGT05 	47.44186	  9.45595	 856.0
CH.SGT04 	47.34844	  9.34902	 987.0
IV.MAGO  	43.27325	 10.65793	 280.0
CH.SGT03 	47.36555	  9.19945	 873.0
ZS.D102  	46.53063	 10.45262	2852.0
IV.MAGA  	45.77530	 10.62860	1265.0
CH.LKBD2 	46.37455	  7.64433	2128.0
XT.AAE46 	46.56413	 13.25389	1908.0
FR.LAJAS 	43.96984	  3.22137	 700.0
FR.BLAF  	43.95100	  6.04500	 590.0
FR.MLYF  	43.98800	  5.76750	 765.0
Z3.A171A 	46.20080	  4.11250	 378.0
SK.SMOL  	48.51390	 17.42870	 400.0
SL.MOZS  	46.29410	 14.44330	 660.0
IV.IMI   	43.91050	  7.89317	 840.0
IV.ASQU  	43.79670	 11.78930	 860.0
SL.VNDS  	46.10160	 14.70140	 531.0
OX.AGOR  	46.23290	 12.04720	 631.0
Z3.A128A 	49.39860	  8.59629	 104.0
FR.OPS   	48.92126	  7.88278	 198.0
ZS.D019  	46.72250	 14.14580	 599.0
FR.VOEL  	48.96674	  7.12266	 273.0
Z3.A303A 	45.34427	 12.31822	  11.0
Z3.A213A 	47.49670	  5.47990	 282.0
Z3.A145A 	47.86730	 12.39600	 537.0
SX.GUNZ  	50.36350	 12.33160	 600.0
FR.ENAUX 	44.10950	  6.77750	1350.0
IV.SEI   	44.05428	 11.35855	 610.0
Z3.A163A 	47.19700	  5.20102	 222.0
FR.RSL   	45.68821	  6.62452	1590.0
TH.MEIN  	50.56535	 10.46102	 491.0
SL.GROS  	46.46100	 15.50180	 930.0
Z3.A353A 	49.51780	 10.54260	 415.0
IV.CING  	43.37557	 13.19540	 626.0
TH.CRUX  	50.60195	 10.79214	 712.0
Z3.A186A 	44.79320	  5.58910	 978.0
Z3.A204A 	43.24130	  5.60990	 512.0
Z3.A185A 	45.12090	  5.07280	 420.0
Z3.A011B 	47.40859	 15.95872	 556.0
SL.SKDS  	45.54640	 14.01430	 552.0
GR.GRC4  	49.08675	 11.52627	 503.0
CH.GRIMS 	46.57815	  8.31886	1746.0
IV.FAGN  	42.26573	 13.58379	 761.0
GR.GRC2  	48.86757	 11.37554	 445.0
Z3.A010A 	47.07333	 16.07925	 266.0
Z3.A331A 	49.15011	 18.22094	 427.0
ZS.D054  	46.69037	 12.90810	1151.0
FR.OGCB  	44.85014	  5.09654	 738.0
ZS.D098  	47.13807	 13.73476	1099.0
FR.GRN   	45.24130	  5.74390	1040.0
ZS.D095  	46.96427	 12.97516	1980.0
ZS.D094  	46.93456	 12.86729	1423.0
ZS.D097  	47.08931	 13.54989	1086.0
ZS.D096  	47.01387	 13.18636	1271.0
ZS.D091  	46.80656	 12.26355	1834.0
ZS.D090  	46.77144	 12.09082	1404.0
ZS.D093  	46.88325	 12.63260	1226.0
ZS.D092  	46.82832	 12.46246	1561.0
Z3.A085A 	49.43920	 16.19620	 458.0
IV.INTR  	42.01154	 13.90460	 924.0
Z3.A107D 	48.01753	 10.19455	 689.0
Z3.A156A 	47.94670	  4.53410	 380.0
ZS.D038  	46.75405	 13.84949	1150.0
Z3.A121A 	47.83542	  7.72581	 399.0
Z3.A121B 	47.83540	  7.72605	 435.0
GU.RNCA  	44.47120	  8.95120	 235.0
FR.OGLC  	44.37030	  6.07400	1136.0
CZ.NKC   	50.23310	 12.44790	 564.0
SX.TRIB  	50.35200	 12.13700	 510.0
GE.STU   	48.77190	  9.19500	 360.0
IV.MONC  	45.07390	  7.92710	 480.0
OE.ARSA  	47.25050	 15.52320	 577.0
Z3.A192B 	44.50060	  4.57526	 179.0
Z3.A032A 	48.12299	 13.30632	 608.0
Z3.A187A 	44.73430	  3.33980	 935.0
Z3.A114A 	49.59010	  9.18240	 466.0
Z3.A008A 	48.36866	 15.65219	 242.0
IV.GROG  	43.42618	  9.89201	 118.0
CZ.PBCC  	49.68560	 13.99530	 465.0
Z3.A071A 	49.74190	 12.69110	 502.0
Z3.A024A 	48.21306	 14.13673	 303.0
IV.ATPC  	43.48070	 12.45700	 810.0
OX.FUSE  	46.41420	 13.00110	 520.0
Z3.A250A 	45.08400	 14.91060	 686.0
BW.FFB1  	48.16290	 11.27506	 572.0
BW.FFB2  	48.16436	 11.27368	 577.0
CZ.KHC   	49.13090	 13.57820	 700.0
ZS.D006  	46.13113	 11.34502	1385.0
ZS.D007  	46.16981	 11.53900	1822.0
ZS.D004  	46.01741	 10.80903	 840.0
CH.SAVIG 	46.06592	  5.97343	 529.0
Z3.A266A 	46.52561	 18.26472	 219.0
ZS.D008  	46.22554	 11.69501	1291.0
ZS.D009  	46.20830	 11.93147	1142.0
SL.BOJS  	45.50430	 15.25180	 252.0
IV.MABI  	46.05492	 10.51400	1853.0
Z3.A208A 	42.23260	  8.79370	 830.0
XT.AAE35 	47.54851	 13.42608	 917.0
FR.TRBF  	44.10540	  3.95870	 120.0
Z3.A420A 	43.45373	  9.19548	-1354.0
CZ.TREC  	49.29480	 15.48710	 559.0
OX.MLN   	46.14950	 12.61540	 814.0
IV.TOLF  	42.06406	 12.00017	 371.0
Z3.A103D 	47.80083	  9.55002	 603.0
Z3.A265A 	46.42445	 17.79538	 151.0
Z3.A414A 	42.17827	  5.85832	-2463.0
Z3.A268A 	47.43127	 17.92382	 201.0
FR.WLS   	48.41268	  7.35360	 833.0
Z3.A103A 	47.81022	  9.52212	 547.0
Z3.A103B 	47.81023	  9.52224	 547.0
Z3.A152A 	48.72480	  6.85392	 279.0
Z3.A272A 	46.74440	 18.96540	 170.0
XT.AAE22 	48.71900	 13.26164	 462.0
XT.AAE21 	48.80369	 13.41922	 555.0
XT.AAE20 	48.88957	 13.29809	 615.0
XT.AAE27 	48.28030	 13.43360	 385.0
XT.AAE26 	48.35690	 13.28776	 380.0
Z3.A191A 	44.31930	  3.53780	 950.0
IV.ZCCA  	44.35085	 10.97650	 700.0
IV.GUAR  	41.79450	 13.31229	 741.0
SL.KNDS  	45.52780	 14.38070	1035.0
OE.VIE   	48.24830	 16.36170	 198.0
Z3.A406A 	42.64667	  5.85667	-2399.0
Z3.A003A 	47.75892	 17.05305	 116.0
Z3.A113B 	49.54617	  8.72979	 401.0
HU.MPLH  	47.17120	 17.53480	 337.0
HU.TIH   	46.90010	 17.88770	 184.0
CH.FULLY 	46.15633	  7.13579	 603.0
MT.FOR   	45.23521	  5.76198	1337.0
CH.FUSIO 	46.45481	  8.66290	1460.0
Z3.A362A 	48.36360	 10.40210	 588.0
SL.GOLS  	46.01080	 15.62450	 559.0
ZS.D088  	46.66715	 11.68864	1511.0
ZS.D077  	46.97466	 13.51138	1606.0
IV.T0110 	42.22944	 13.77633	 915.0
ZS.D075  	46.86469	 13.19460	1202.0
ZS.D074  	46.85223	 12.94589	 898.0
ZS.D073  	46.80783	 12.75644	 686.0
ZS.D072  	46.77748	 12.58904	1168.0
ZS.D071  	46.74267	 12.43591	1201.0
ZS.D070  	46.67619	 12.22049	1344.0
FR.AGO   	46.05200	  3.13100	 523.0
Z3.A261A 	46.95204	 17.14856	 171.0
Z3.A087A 	49.70490	 16.88930	 430.0
ZS.D079  	47.04946	 13.90524	1168.0
ZS.D078  	46.98105	 13.68924	1421.0
IV.LNSS  	42.60286	 13.04032	1155.0
CZ.VRAC  	49.30840	 16.59330	 470.0
FR.FRNF  	45.38500	  2.56300	 530.0
GU.ROTM  	44.84930	  8.35270	 221.0
IV.RSM2  	43.93769	 12.44513	 645.0
NI.VARN  	45.99220	 12.10510	1265.0
IV.PTCC  	46.40750	 13.35400	 700.0
Z3.A153A 	48.31800	  4.79680	 238.0
Z3.A124A 	48.65387	  8.49410	 841.0
XT.AAE02 	50.51066	 13.25263	 843.0
IV.FROS  	43.20972	 11.15622	 432.0
XT.AAE05 	50.25223	 13.36958	 301.0
GU.TRAV  	45.51267	  7.74700	 990.0
IV.CTI   	46.04818	 11.64970	1180.0
FR.SZBH  	48.93254	  7.86304	 144.0
XT.AAE04 	50.35447	 13.25880	 388.0
Z3.A108A 	48.34775	  9.83113	 564.0
Z3.A086A 	49.85280	 16.14570	 391.0
FR.RIVEL 	46.75901	  5.92249	 871.0
XT.AAE06 	50.17465	 13.25198	 545.0
FR.ZELS  	48.30231	  7.63158	 163.0
Z3.A289A 	46.04730	  9.76100	1780.0
Z3.A306A 	44.53592	 10.59612	 463.0
Z3.A178B 	45.68770	  6.30458	 895.0
Z3.A216A 	44.42910	  5.54989	1245.0
GU.BHB   	44.83517	  7.26333	 585.0
MT.RES   	45.23410	  5.77780	 608.0
IV.TERO  	42.62279	 13.60393	 673.0
XT.AAE08 	49.99097	 13.23221	 409.0
OX.ACOM  	46.54800	 13.51370	1788.0
ZS.D031  	46.48613	 12.50742	1143.0
Z3.A209A 	42.50410	  9.49440	  20.0
Z3.A088A 	49.43030	 17.29110	 211.0
Z3.A014A 	48.34826	 15.16195	 773.0
ZS.D141  	45.75525	 11.02416	 337.0
OE.DAVA  	47.28670	  9.88030	1602.0
IV.FIR   	43.77437	 11.25513	  40.0
IV.MCIV  	42.77861	 11.67650	 790.0
IV.FNVD  	44.16782	 11.12290	 950.0
IU.GRFO  	49.69190	 11.22170	 425.0
FR.OGGM  	45.20572	  6.11674	1575.0
Z3.A190A 	44.32460	  2.86950	 940.0
NI.DST2  	45.65870	 13.80130	  80.0
XT.AAE28 	48.18610	 13.26330	 463.0
Z3.A255A 	45.50900	 16.05070	 224.0
HU.BEHE  	46.47030	 16.77550	 303.0
ZS.D140  	45.60475	 10.96968	 667.0
SL.ROBS  	46.24450	 13.50940	 245.0
OE.RETA  	47.48710	 10.76230	 965.0
CH.MUO   	46.96765	  8.63706	1920.0
NI.ZOU2  	46.55840	 12.97290	1911.0
CZ.KRUC  	49.06190	 16.39520	 341.0
Z3.A336A 	48.23334	 18.99904	 183.0
CH.DAGMA 	47.23088	  8.01248	 560.0
Z3.A081A 	50.07520	 15.03410	 228.0
Z3.A316A 	42.33368	 10.29572	  38.0
Z3.A425A 	42.64780	  8.07380	-2708.0
Z3.A004A 	47.96288	 16.39706	 188.0
Z3.A106B 	48.75339	  9.72194	 468.0
Z3.A106A 	48.75333	  9.72180	 471.0
ZH.POSAN 	43.10482	  5.98979	  53.0
IV.AOI   	43.55017	 13.60200	 530.0
GU.GRAM  	44.49130	 10.06580	 850.0
Z3.A416A 	42.64790	  6.96270	-2631.0
ZH.POSAS 	43.07553	  5.93798	  53.0
GR.GEC2  	48.84430	 13.70063	1150.0
BW.WETR  	49.14502	 12.87571	 607.0
CH.HASLI 	46.75681	  8.15117	1280.0
Z3.A166A 	46.98160	  4.14798	 580.0
Z3.A036A 	47.37890	 12.30843	1020.0
Z3.A166B 	46.98210	  4.14769	 580.0
NI.POLC  	46.02660	 12.50050	 150.0
CR.HVAR  	43.17760	 16.44880	 288.0
Z3.A262A 	46.86419	 16.52761	 240.0
FR.CALF  	43.75280	  6.92180	1242.0
SI.LUSI  	45.95950	 10.94360	 860.0
GU.EQUI  	44.16600	 10.15300	 350.0
Z3.A188A 	44.60010	  3.93670	1085.0
GU.POPM  	44.04500	 10.75700	 440.0
CH.BRANT 	46.93801	  6.47298	1145.0
Z3.A158A 	48.00440	  6.34700	 622.0
Z3.A254A 	45.31480	 15.80500	 543.0
Z3.A360A 	48.72890	 10.29710	 635.0
CH.TORNY 	46.77363	  6.95874	 710.0
Z3.A200A 	43.69270	  4.18850	  61.0
FR.OGRV  	46.34590	  4.75220	 293.0
YI.SG01  	45.65070	  6.58050	1613.0
FR.COLF  	45.50040	  3.69370	 800.0
IV.CESI  	43.00490	 12.90460	 840.0
ZS.D034  	46.61541	 13.04976	1185.0
YI.SG05  	45.65060	  6.57800	1619.0
YI.SG07  	45.65040	  6.57840	1580.0
YI.SG06  	45.65040	  6.57820	1584.0
YI.SG09  	45.65100	  6.57880	1569.0
Z3.A078A 	48.86400	 14.28450	1060.0
Z3.A282A 	45.25450	  7.61330	 428.0
XT.AAE47 	46.46280	 13.43750	1301.0
IV.OSSC  	43.52358	 11.24579	 452.0
ZS.D132  	47.05079	 12.12867	1617.0
ZS.D133  	47.04330	 12.33183	1880.0
ZS.D130  	46.95224	 11.78310	1850.0
ZS.D131  	46.99450	 11.97964	1049.0
GU.MGRO  	44.04260	  7.80820	1690.0
Z3.A209B 	42.50290	  9.50660	   7.0
Z3.A366A 	47.83330	 10.62340	 794.0
ZS.D135  	47.18393	 12.93682	1050.0
ZS.D138  	47.26515	 13.49166	1294.0
IV.ROVR  	45.64680	 11.07210	1316.0
MN.BLY   	44.74880	 17.18390	 256.0
Z3.A354A 	49.45230	 10.96900	 327.0
Z3.A271A 	47.15470	 18.83410	 165.0
ZS.D039  	46.11167	 10.13890	1274.0
CH.SLE   	47.76450	  8.49236	 648.0
Z3.A196A 	44.05150	  4.52800	 259.0
ZS.D033  	46.56562	 12.89439	1920.0
ZS.D032  	46.52539	 12.71387	1003.0
IV.PRMA  	44.76374	 10.31311	  78.0
ZS.D030  	46.45777	 12.34588	1317.0
IV.ZONE  	45.76358	 10.11707	 691.0
CH.PANIX 	46.82574	  9.11171	1433.0
IV.ORZI  	45.40560	  9.93070	  83.0
IV.PTQR  	42.02193	 13.40057	 957.0
CZ.MORC  	49.77660	 17.54280	 740.0
Z3.A332A 	48.80449	 18.46449	 359.0
SL.LJU   	46.04380	 14.52780	 396.0
Z3.A013A 	48.06350	 15.40626	 530.0
Z3.A175A 	45.94270	  5.07470	 315.0
IV.SRES  	42.23696	 12.50993	 410.0
FR.OGDF  	44.55698	  5.06900	 709.0
C4.CERNS 	46.26695	  6.06621	 463.2
CH.FUORN 	46.62033	 10.26352	2286.0
FR.OGDI  	44.10930	  6.22530	 770.0
BW.RJOB  	47.73717	 12.79571	 860.0
GE.MORC  	49.77660	 17.54280	 740.0
FR.OGMY  	45.88101	  5.88932	 656.0
Z3.A291A 	46.62460	 11.88050	1568.0
Z3.A082A 	50.06100	 15.65020	 220.0
ZS.D119  	47.23840	 13.57761	1707.0
FR.PLDF  	45.97000	  3.62100	 940.0
CH.VDL   	46.48311	  9.44933	1927.8
ZS.D147  	45.96093	 11.32025	1364.0
ZS.D146  	45.92092	 11.02357	 366.0
ZS.D145  	46.14252	 12.80846	 197.0
ZS.D144  	45.95631	 11.93912	 223.0
ZS.D143  	45.90433	 11.71125	 193.0
ZS.D142  	45.80651	 11.26001	 904.0
CH.WALHA 	47.75280	  9.12310	 419.0
FR.STR   	48.57990	  7.76330	 130.0
IV.MOMA  	42.80387	 12.57007	1040.0
Z3.A119A 	49.00710	 10.03840	 562.0
YI.SG11  	45.65060	  6.57990	1597.0
ZS.D149  	46.06028	 11.74996	 789.1
ZS.D148  	46.03664	 11.52347	 429.0
SL.CEY   	45.73810	 14.42210	 579.0
GU.LSD   	45.45950	  7.13433	2285.0
Z3.A021A 	46.75657	 15.82535	 265.0
Z3.A161A 	47.58350	  6.01080	 272.0
BW.RMOA  	47.76166	 12.86447	 815.0
IV.RDP   	41.76039	 12.71030	 760.0
TH.HWTS  	50.59227	 11.47223	 555.0
ZS.D059  	46.92065	 13.87653	1760.0
Z3.A018A 	47.74367	 15.07762	 748.0
Z3.A212A 	48.09310	  5.04440	 358.0
TH.LEIB1 	50.57607	 11.19780	 480.4
Z3.A062A 	46.18080	  9.11260	1733.2
IV.MDI   	45.76972	  9.71600	 954.0
GR.UBR   	47.67990	 10.10710	 903.0
GU.SATI  	45.87530	  7.86850	3005.0
ZS.D113  	46.98861	 12.51002	1160.0
GU.CIRO  	45.60190	  7.56820	2516.0
HU.EGYH  	47.41620	 17.33170	 126.0
CH.AIGLE 	46.34176	  6.95295	 785.0
Z3.A253A 	45.29260	 13.81670	 408.0
SK.ZST   	48.19610	 17.10250	 250.0
ZS.D045A 	46.34830	 11.23846	 347.0
IV.LAV9  	41.67778	 12.69888	 300.0
SL.ZAVS  	46.43420	 15.02460	 741.0
SL.GORS  	46.31740	 13.99990	1048.0
Z3.A144A 	48.09790	 12.08380	 553.0
C4.CERN1 	46.23588	  6.05484	 356.3
ZS.D117  	47.16066	 13.21602	1449.0
GU.ENR   	44.22666	  7.42033	1040.0
BW.KW1   	48.12194	 12.59719	 514.0
CH.WGT   	47.09838	  8.92525	 913.9
Z3.A287A 	45.62250	  8.36100	 423.0
Z3.A143A 	47.68360	 11.00320	 850.0
TH.WESF  	50.53747	 11.21230	 744.0
Z3.A192A 	44.50690	  4.58690	 249.0
Z3.A269A 	47.63856	 18.38236	 195.0
Z3.A102A 	48.14018	  9.19929	 733.0
Z3.A417A 	42.87962	  7.51782	-2677.0
Z3.A184A 	44.89200	  4.45160	 750.0
CH.SALEV 	46.06019	  6.09704	1083.6
IV.CSNT  	43.47311	 11.29017	 636.0
YW.PERR  	45.37890	  6.34939	1323.0
MN.AQU   	42.35400	 13.40500	 710.0
ZS.D089  	46.73814	 11.90904	1727.0
Z3.A195A 	43.97520	  2.71930	 290.0
IV.CAMP  	42.53578	 13.40900	1283.0
IV.CAFI  	43.32920	 11.96630	 547.0
ZS.D082  	46.43005	 10.44777	1857.0
ZS.D083  	46.45305	 10.57887	2706.0
ZS.D081  	46.37376	 10.24930	1696.0
ZS.D086  	46.64067	 11.35510	 969.0
ZS.D087  	46.65428	 11.54339	1293.0
ZS.D084  	46.48404	 10.82661	1897.0
ZS.D085  	46.57634	 11.16347	 666.0
Z3.A079A 	49.22880	 14.70740	 438.0
CH.EMING 	47.89519	  8.84676	 619.0
Z3.A361A 	48.79090	 10.81710	 500.0
FR.CIEL  	48.83263	  7.36375	 388.0
SL.VOJS  	46.03220	 13.88770	1072.0
GE.WLF   	49.66460	  6.15260	 295.0
FR.MON   	43.73034	  7.42469	  20.0
Z3.A318A 	43.12099	 10.57319	 173.0
OX.SABO  	45.98750	 13.63360	 621.0
Z3.A302A 	45.63353	 11.97132	  26.0
CH.PLONS 	47.04921	  9.38076	1022.0
FR.MOF   	47.85100	  7.13400	1104.0
SI.ABSI  	46.72850	 11.32050	1801.0
HU.SOP   	47.68070	 16.55670	 260.0
CZ.PRU   	49.98830	 14.54170	 302.0
IV.PLMA  	44.04982	  9.85365	  22.0
CH.NALPS 	46.59512	  8.74828	2345.7
Z3.A290A 	46.50680	 10.90280	1729.0
Z3.A172A 	46.38580	  5.21320	 273.0
Z3.A172B 	46.41010	  5.26468	 271.0
MT.GAR   	45.24290	  5.79530	 569.0
Z3.A052A 	45.10260	 17.51390	 139.0
BW.ZUGS  	47.41631	 10.97883	2650.0
FR.LEMB  	49.03390	  7.75891	 284.0
FR.OGVG  	44.81517	  6.11233	1090.0
TH.GEIDO 	50.73530	 12.19990	 341.0
Z3.A205A 	43.20010	  6.23350	 384.0
SK.MODS  	48.37300	 17.27700	 520.0
Z3.A305A 	44.95924	 12.43235	  -3.0
Z3.A350A 	50.16740	 11.57080	 489.0
IV.ATVO  	43.38211	 12.40663	 638.0
FR.MVIF  	43.89600	  7.15300	1480.0
GU.RRL   	44.92083	  6.79083	2130.0
OX.DRE   	46.17330	 13.64500	 810.0
IV.CRMI  	43.79560	 10.97951	 490.0
IV.BOB   	44.76792	  9.44782	 910.0
Z3.A077A 	49.27050	 14.07390	 370.0
XT.AAE14 	49.44273	 13.24947	 386.0
XT.AAE15 	49.36482	 13.41411	 680.0
XT.AAE12 	49.60447	 13.26292	 360.0
XT.AAE13 	49.52886	 13.45470	 480.0
XT.AAE10 	49.79983	 13.25088	 353.0
XT.AAE11 	49.70298	 13.46919	 345.0
CH.LLS   	46.84676	  9.00825	1860.0
CH.LAUCH 	46.41554	  7.77166	2160.0
XT.AAE19 	48.97120	 13.48250	1175.0
BW.PART  	47.49724	 11.11313	 760.0
TH.RANIS 	50.66236	 11.56432	 383.0
Z3.A017A 	47.94800	 14.75890	 589.0
GU.BLANC 	45.84440	  6.93400	3379.0
BW.ROTZ  	49.76690	 12.20700	 430.0
FR.OGMO  	45.20865	  6.68308	1200.0
ZS.D064  	46.32637	 10.78376	1485.0
GU.PCP   	44.54133	  8.54517	 770.0
ZS.D109  	46.82426	 11.73890	1138.0
ZS.D108  	46.81293	 11.54804	 847.0
ZS.D060  	46.94516	 14.03194	1483.0
ZS.D061  	46.23847	 10.22526	 526.0
ZS.D062  	46.25066	 10.39533	1346.0
ZS.D063  	46.29865	 10.55095	1757.0
CH.SULZ  	47.52753	  8.11187	 668.0
OE.WTTA  	47.26380	 11.63630	1764.0
ZS.D101  	46.48700	 10.27446	1520.0
ZS.D100  	46.47792	 10.09886	1949.0
ZS.D068  	46.57354	 11.64670	1167.0
ZS.D069  	46.63840	 12.04197	1534.0
ZS.D105  	46.64775	 10.99109	 528.0
CH.BALST 	47.33578	  7.69498	 863.0
GR.GRA4  	49.56540	 11.43587	 503.0
CH.ROTHE 	47.47612	  7.92093	 681.0
IV.SNTG  	43.25500	 12.94057	 650.0
GR.GRA1  	49.69189	 11.22172	 499.5
GR.GRA2  	49.65521	 11.35944	 512.0
GR.GRA3  	49.76220	 11.31869	 455.0
Z3.A115A 	49.27395	  9.05235	 323.0
Z3.A009A 	47.67755	 16.09036	 469.0
OX.BALD  	45.68300	 10.81870	1911.0
IV.CASP  	42.79080	 10.86520	 390.0
IV.BRIS  	44.22454	 11.76657	 260.0
FR.MORSI 	42.95300	  9.36300	 100.0
OE.LESA  	47.42430	 12.67700	1029.5
Z3.A428A 	41.71023	  6.96388	-2734.0
Z3.A025A 	47.52074	 14.41648	 794.0
IV.QLNO  	44.32425	  8.34592	 547.0
MT.AVM   	44.94244	  5.67544	 658.0
IV.T1242 	42.82925	 13.20436	1451.0
IV.T1243 	42.69657	 13.44839	1120.0
CH.WIMIS 	46.66488	  7.62418	 770.0
IV.T1241 	42.85635	 13.43116	 664.0
IV.T1246 	42.58331	 13.49295	1134.0
IV.T1247 	42.44157	 13.29834	 836.0
IV.TRTR  	42.80810	 13.91380	 160.0
TH.HKWD  	50.82970	 12.26811	 308.0
Z3.A038A 	47.46420	 11.91880	 578.0
FR.SAOF  	43.98720	  7.55450	 594.0
XT.AAE32 	47.81880	 13.27330	 778.0
GU.GBOS  	44.24160	  7.83990	 897.0
IV.ROM9  	41.82842	 12.51553	 110.0
IV.MA9   	41.76976	 12.65907	 340.0
SK.VYHS  	48.49400	 18.83610	 480.0
MT.AVP   	44.94143	  5.67237	 748.0
C4.CERN5 	46.30989	  6.07608	 418.2
MT.AVR   	44.95580	  5.65306	 870.5
CH.SGT18 	47.46716	  9.24417	 570.0
FR.OGCC  	44.42909	  5.54989	1250.0
Z3.A177A 	45.59630	  4.60860	 520.0
FR.AJAC  	41.92790	  8.76300	  27.0
CH.BERGE 	47.87161	  8.17798	 963.0
Z3.A421A 	41.71530	  5.84997	-2525.0
IV.MTCE  	42.02280	 12.74222	 388.0
IV.ASSB  	43.04260	 12.65870	 734.0
Z3.A181A 	45.38050	  6.30200	1305.0
IV.CERT  	41.94903	 12.98176	 773.0
Z3.A201A 	43.50060	  4.79170	   5.0
CZ.CKRC  	48.81990	 14.30950	 500.0
FR.OGCN  	45.15392	  5.08897	 300.0
Z3.A157A 	48.00250	  5.73258	 444.0
Z3.A157B 	47.99290	  5.79934	 359.0
Z3.A089A 	49.15210	 17.09200	 263.0
SX.TANN  	50.41500	 12.46100	 600.0
Z3.A283A 	45.22960	  8.32080	 185.0
IV.SALO  	45.61830	 10.52430	 600.0
Z3.A028B 	47.09481	 13.94991	1378.0
Z3.A283B 	45.23800	  8.28850	 195.0
Z3.A355A 	49.34900	 12.38320	 385.0
Z3.A005B 	48.37192	 16.20544	 174.0
XT.AAE18 	49.09820	 13.21650	 685.0
XT.AAE42 	46.90861	 13.27004	1221.0
FR.OGSA  	45.03688	  6.40100	2106.0
FR.VAL4  	44.90570	  4.89205	 185.0
FR.OGSM  	45.60931	  5.69724	 546.0
Z3.A051A 	45.01250	 16.90690	 862.0
Z3.A118B 	49.34470	  9.97433	 514.0
IV.TRIF  	43.11478	 10.90265	 596.0
XT.AAE16 	49.26423	 13.21932	 643.0
Z3.A270A 	47.84520	 19.01860	 152.0
Z3.A308A 	44.58248	 12.00568	  -2.0
GR.WET   	49.14480	 12.88030	 613.0
Z3.A312A 	45.10738	 10.48166	  30.0
Z3.A365A 	48.16510	 10.73340	 594.0
SL.CRES  	45.82600	 15.45690	 431.0
Z3.A300A 	45.81931	 13.12795	   6.0
FR.BANN  	44.36890	  4.15630	 447.0
Z3.A337A 	48.24430	 17.78976	 117.0
FR.OGAG  	44.78784	  6.53974	1280.0
SI.RISI  	46.94800	 12.07870	1785.0
GR.GEB2  	48.83870	 13.69765	1103.0
RF.GEPF  	46.27500	 13.13860	 255.0
FR.OGS2  	45.06449	  5.80132	1015.0
FR.OGS3  	45.06951	  5.80607	1130.0
Z3.A127A 	49.19668	  7.97808	 442.0
ZS.D010  	46.28878	 12.29947	 692.0
OX.PLRO  	46.54910	 13.14810	1410.0
IV.NDIM  	44.88730	 10.89870	  19.0
Z3.A338A 	48.01516	 18.35251	 154.0
ZS.D042  	46.21923	 10.73638	2138.0
FR.XAFF  	48.40714	  6.61952	 279.0
OE.OBKA  	46.50920	 14.54890	1074.7
IV.GUMA  	43.06270	 13.33520	 574.0
GR.MOX   	50.64610	 11.61610	 455.0
ZS.D163  	47.23062	 14.29698	1152.0
Z3.A301A 	45.61978	 12.62099	   2.0
CH.ACB   	47.58772	  8.25474	 468.0
1N.AIGB  	44.78590	  6.87819	1526.0
FR.LBL   	45.23200	  3.24700	 950.0
FR.WALT  	47.96574	  7.27652	 373.0
SX.WERD  	50.44800	 12.30700	 600.0
Z3.A073A 	49.99160	 13.23310	 407.0
Z3.A022A 	48.63481	 14.73259	 777.0
ST.GAGG  	46.08350	 10.95870	1617.0
Z3.A160A 	47.69080	  5.05020	 465.0
SX.WERN  	50.28740	 12.37610	 600.0
TH.SPAHL 	50.65261	  9.90990	 441.0
IV.CESX  	42.60849	 12.58676	 458.0
YI.SG18  	45.65210	  6.58110	1686.0
YI.SG19  	45.64640	  6.58300	1610.0
YI.SG17  	45.65130	  6.58070	1636.0
YI.SG14  	45.65100	  6.57940	1582.0
YI.SG15  	45.65150	  6.57900	1617.0
YI.SG12  	45.65050	  6.58000	1612.0
YI.SG13  	45.65070	  6.57930	1561.0
YI.SG10  	45.65030	  6.57970	1571.0
Z3.A060A 	47.03050	  7.89040	1112.1
Z3.A409A 	43.34818	  7.51672	-1981.0
NI.MPRI  	46.24080	 12.98770	 762.0
Z3.A252A 	45.43560	 17.84820	 412.0
GU.GORR  	44.60710	  9.29260	 609.0
SL.GBRS  	45.53110	 14.81010	 610.2
FR.ESCA  	43.83100	  7.37440	 550.0
XT.AAE50 	46.20200	 13.26570	 281.0
XT.AAE49 	46.30690	 13.40090	 735.0
ZS.D028  	46.37778	 11.98219	 823.0
ZS.D029  	46.38745	 12.17063	1475.0
Z3.A090A 	49.36550	 17.82780	 659.0
CH.WILA  	47.41465	  8.90753	 908.0
Z3.A410A 	43.58660	  8.07320	-2423.0
Z3.A155A 	48.43120	  6.08404	 501.0
CH.SIMPL 	46.23962	  8.01958	1930.0
ZS.D020  	46.01470	 10.32456	 545.0
ZS.D021  	46.10120	 10.70749	1324.0
ZS.D022  	46.14680	 10.80601	1786.0
ZS.D023  	46.18802	 11.02275	 826.0
ZS.D024  	46.20765	 11.23243	1058.0
ZS.D025  	46.24649	 11.41372	 967.0
ZS.D026  	46.32552	 11.60481	1293.0
ZS.D027  	46.32687	 11.78648	1736.0
ZS.D041  	46.20713	 10.47914	1578.0
XT.AAE17 	49.15537	 13.43791	 890.0
CH.WOLEN 	46.99780	  7.36878	 623.0
RD.ETNF  	48.26220	  6.03820	 450.0
Z3.A111A 	49.84780	 10.21320	 249.0
OX.VARN  	45.99220	 12.10510	1265.0
Z3.A284A 	45.13710	  9.38370	  99.0
ZS.D153  	46.29900	 12.81342	 448.0
Z3.A105A 	47.40696	 10.29336	 890.0
Z3.A169A 	46.59630	  4.58183	 300.0
IV.VIVA  	41.75023	 12.77018	 550.0
Z3.A035A 	47.19680	 12.72091	1652.0
XT.AAE53 	45.92540	 13.40200	  46.0
Z3.A005A 	48.37843	 16.12070	 176.0
IV.BRMO  	46.47616	 10.37218	1380.0
CH.FIESA 	46.43521	  8.11051	2340.5
FR.PLYF  	46.95652	  4.74420	 294.0
TH.GRZ1  	50.69080	 12.21964	 203.0
Z3.A367A 	48.30670	 11.92330	 500.0
IV.BDI   	44.06238	 10.59698	 830.0
BW.RTBE  	47.74510	 12.82408	1162.0
SX.MULD  	50.41180	 12.40390	   0.0
Z3.A198A 	43.60060	  2.80040	 720.0
Z3.A263A 	46.64078	 17.31486	 165.0
ZS.D158  	47.18876	 13.99209	1288.0
ZS.D118  	47.18626	 13.41928	1484.0
BW.SCE   	47.03780	 11.70900	1730.0
OX.BOO   	46.31950	 13.09840	 444.0
ZS.D154  	47.33693	 14.03245	1141.0
ZS.D155  	47.42578	 14.28896	1149.0
ZS.D156  	47.20543	 14.10719	1205.0
Z3.A215A 	45.43070	  5.23226	 450.0
ZS.D150  	46.09507	 11.98403	 588.0
ZS.D151  	46.15470	 12.18499	 476.0
ZS.D152  	46.19268	 12.41656	1144.0
Z3.A357B 	48.70247	 11.94641	 478.0
XT.AAE52 	46.01360	 13.29450	  73.0
IV.SAMA  	41.78050	 12.59230	 119.0
Z3.A159A 	47.64390	  4.31789	 366.0
XT.AAE51 	46.12940	 13.43200	 190.0
ZS.D099  	47.15007	 13.92713	1280.0
ZS.D159  	46.96634	 14.15282	1035.0
XT.AAE54 	45.84180	 13.25830	  13.0
XT.AAE55 	45.75520	 13.42080	   1.0
